<!DOCTYPE html>
<html><head data-gwd-animation-mode="proMode"><meta name="GCD" content="YTk3ODQ3ZWZhN2I4NzZmMzBkNTEwYjJlab148eea94be30bb4e4bfd4587a576c2"/>
  <title>piramideAnimada</title>
  <meta http-equiv="Content-Type" content="text/html; charset=utf-8">
  <meta name="generator" content="Google Web Designer 1.3.2.0521">
  <style type="text/css">html,
body {
    width: 100%;
    height: 100%;
    margin: 0px;
}
body {
    -webkit-transform: matrix3d(1, 0, 0, 0, 0, 1, 0, 0, 0, 0, 1, 0, 0, 0, 0, 1);
    -moz-transform: matrix3d(1, 0, 0, 0, 0, 1, 0, 0, 0, 0, 1, 0, 0, 0, 0, 1);
    transform: matrix3d(1, 0, 0, 0, 0, 1, 0, 0, 0, 0, 1, 0, 0, 0, 0, 1);
    -webkit-perspective: 1400px;
    -moz-perspective: 1400px;
    perspective: 1400px;
    -webkit-transform-style: preserve-3d;
    -moz-transform-style: preserve-3d;
    transform-style: preserve-3d;
    background-color: #f6e9db;
}
.gwd-div-iixy {
    position: absolute;
    width: 639px;
    height: 479px;
    left: 275px;
    top: 61px;
    -webkit-transform-origin: 316px 264px 0px;
    -moz-transform-origin: 316px 264px 0px;
    transform-origin: 316px 264px 0px;
    -webkit-transform: matrix3d(0.9999143276, 0, -0.0130895956, 0, 0.000057114, 0.9999904807, 0.0043629355, 0, 0.013089471, -0.0043633093, 0.9999048091, 0, 60.8153767511, 6.6730018488, -0.7669977806, 1);
    -moz-transform: matrix3d(0.9999143276, 0, -0.0130895956, 0, 0.000057114, 0.9999904807, 0.0043629355, 0, 0.013089471, -0.0043633093, 0.9999048091, 0, 60.8153767511, 6.6730018488, -0.7669977806, 1);
    transform: matrix3d(0.9999143276, 0, -0.0130895956, 0, 0.000057114, 0.9999904807, 0.0043629355, 0, 0.013089471, -0.0043633093, 0.9999048091, 0, 60.8153767511, 6.6730018488, -0.7669977806, 1);
    -webkit-transform-style: preserve-3d;
    -moz-transform-style: preserve-3d;
    transform-style: preserve-3d;
}
#tridiv {
    perspective: 800px;
    position: absolute;
    overflow: hidden;
    width: 100%;
    height: 100%;
    font-size: 312.5%;
    -webkit-transform-style: preserve-3d;
    -moz-transform-style: preserve-3d;
    transform-style: preserve-3d;
    -webkit-transform-origin: 786px 343.5px 0px;
    -moz-transform-origin: 786px 343.5px 0px;
    transform-origin: 786px 343.5px 0px;
    -webkit-transform: matrix3d(1, 0, 0, 0, 0, 1, 0, 0, 0, 0, 1, 0, 0, 0, 0, 1);
    -moz-transform: matrix3d(1, 0, 0, 0, 0, 1, 0, 0, 0, 0, 1, 0, 0, 0, 0, 1);
    transform: matrix3d(1, 0, 0, 0, 0, 1, 0, 0, 0, 0, 1, 0, 0, 0, 0, 1);
    background: transparent;
}
.face {
    box-shadow: rgb(0, 0, 0) 0px 0px 0px 3px inset;
}
.scene,
.shape,
.face,
.face-wrapper,
.cr {
    position: absolute;
    -webkit-transform-style: preserve-3d;
    -moz-transform-style: preserve-3d;
    transform-style: preserve-3d;
}
.scene {
    width: 80em;
    height: 80em;
    top: 50%;
    left: 50%;
    margin: -40em 0px 0px -40em;
    -webkit-animation: rotacion 12s linear infinite;
    -moz-animation: rotacion 12s linear infinite;
    animation: rotacion 12s linear infinite;
}
.shape {
    top: 50%;
    left: 50%;
    width: 0px;
    height: 0px;
    -webkit-transform-origin: 50% 50%;
    -moz-transform-origin: 50% 50%;
    transform-origin: 50% 50%;
}
.face,
.face-wrapper {
    overflow: hidden;
    -webkit-transform-origin: 0px 0px;
    -moz-transform-origin: 0px 0px;
    transform-origin: 0px 0px;
}
.face {
    background-size: 100% 100% !important;
    background-position: 50% 50%;
}
.face-wrapper .face {
    left: 100%;
    width: 100%;
    height: 100%;
}
.photon-shader {
    position: absolute;
    left: 0px;
    top: 0px;
    width: 100%;
    height: 100%;
}
.side {
    left: 50%;
}
.cr,
.cr .side {
    height: 100%;
}
[class*="pyramid"] .face-wrapper .face {
    -webkit-transform: rotateZ(45deg) translateX(-36.3%) translateY(35.35%);
    -moz-transform: rotateZ(45deg) translateX(-36.3%) translateY(35.35%);
    transform: rotateZ(45deg) translateX(-36.3%) translateY(35.35%);
}
[class*="pyramid"] .bk {
    left: 100%;
}
[class*="pyramid"] .bm {
    top: 100%;
    -webkit-transform: rotateX(-90deg) translateY(-50%);
    -moz-transform: rotateX(-90deg) translateY(-50%);
    transform: rotateX(-90deg) translateY(-50%);
}
[class*="pyramid"] .rt,
[class*="pyramid"] .lt {
    -webkit-transform-origin: 50% 0px;
    -moz-transform-origin: 50% 0px;
    transform-origin: 50% 0px;
}
.pyr-1 {
    opacity: 1;
    width: 4em;
    height: 4.5em;
    margin: -2.5em 0px 0px -1.5em;
    -webkit-transform-style: preserve-3d;
    -moz-transform-style: preserve-3d;
    transform-style: preserve-3d;
    -webkit-transform: matrix3d(-0.9749, 0, 0.0728130197, 0, 0, 1, 0, 0, -0.0728130197, 0, -0.9973456091, 0, -0.0101150887, 0, -0.0083077794, 1);
    -moz-transform: matrix3d(-0.9749, 0, 0.0728130197, 0, 0, 1, 0, 0, -0.0728130197, 0, -0.9973456091, 0, -0.0101150887, 0, -0.0083077794, 1);
    transform: matrix3d(-0.9749, 0, 0.0728130197, 0, 0, 1, 0, 0, -0.0728130197, 0, -0.9973456091, 0, -0.0101150887, 0, -0.0083077794, 1);
}
.pyr-1 .face-wrapper {
    width: 4em;
    height: 2em;
}
.pyr-1 .face-wrapper .face {
    width: 4em;
    height: 4em;
}
.pyr-1 .ft {
    -webkit-transform:scaleZ(2.462214450449026) scaleY(2.462214450449026) rotateX(23.962488974578164deg);
    -moz-transform:scaleZ(2.462214450449026) scaleY(2.462214450449026) rotateX(23.962488974578164deg);
    transform:scaleZ(2.462214450449026) scaleY(2.462214450449026) rotateX(23.962488974578164deg);
}
.pyr-1 .bk {
    -webkit-transform:scaleZ(2.462214450449026) scaleY(2.462214450449026) rotateX(-23.962488974578164deg) rotateY(180deg);
    -moz-transform:scaleZ(2.462214450449026) scaleY(2.462214450449026) rotateX(-23.962488974578164deg) rotateY(180deg);
    transform:scaleZ(2.462214450449026) scaleY(2.462214450449026) rotateX(-23.962488974578164deg) rotateY(180deg);
}
.pyr-1 .rt {
    -webkit-transform:scaleX(2.462214450449026) scaleY(2.462214450449026) rotateZ(23.962488974578164deg) rotateY(-90deg);
    -moz-transform:scaleX(2.462214450449026) scaleY(2.462214450449026) rotateZ(23.962488974578164deg) rotateY(-90deg);
    transform:scaleX(2.462214450449026) scaleY(2.462214450449026) rotateZ(23.962488974578164deg) rotateY(-90deg);
}
.pyr-1 .lt {
    -webkit-transform:scaleX(2.462214450449026) scaleY(2.462214450449026) rotateZ(-23.962488974578164deg) rotateY(90deg);
    -moz-transform:scaleX(2.462214450449026) scaleY(2.462214450449026) rotateZ(-23.962488974578164deg) rotateY(90deg);
    transform:scaleX(2.462214450449026) scaleY(2.462214450449026) rotateZ(-23.962488974578164deg) rotateY(90deg);
}
.pyr-1 .bm {
    width: 4em;
    height: 4em;
    box-shadow: rgb(0, 0, 0) 0px 0px 0px 5px inset;
}
.pyr-1 .face {
    background-color: transparent;
}
.pyr-1 .ft > div {
    background-color: transparent;
}
.pyr-1 .bk > div {
    background-color: transparent;
}
.pyr-1 .bm {
    background-color: transparent;
}
.pyr-1 .lt > div {
    background-color: transparent;
}
.pyr-1 .rt > div {
    background-color: transparent;
}
.gwd-div-2xxp {
    position: absolute;
    width: 83px;
    height: 84px;
    left: 359px;
    top: 373px;
}
@-webkit-keyframes gwd-empty-animation {
    0% {
        opacity: 0.001;
    }
    100% {
        opacity: 0;
    }
}
@-moz-keyframes gwd-empty-animation {
    0% {
        opacity: 0.001;
    }
    100% {
        opacity: 0;
    }
}
@keyframes gwd-empty-animation {
    0% {
        opacity: 0.001;
    }
    100% {
        opacity: 0;
    }
}
.scene .event-1-animation {
    -webkit-animation: gwd-empty-animation 0.00001s linear 0s 1 normal forwards;
    -moz-animation: gwd-empty-animation 0.00001s linear 0s 1 normal forwards;
    animation: gwd-empty-animation 0.00001s linear 0s 1 normal forwards;
}
.scene.label-1 .event-1-animation {
    -webkit-animation: none;
    -moz-animation: none;
    animation: none;
}
.scene .gwd-gen-rbmygwdanimation {
    -webkit-animation: gwd-gen-rbmygwdanimation_gwd-keyframes 6s linear 0s infinite normal forwards;
    -moz-animation: gwd-gen-rbmygwdanimation_gwd-keyframes 6s linear 0s infinite normal forwards;
    animation: gwd-gen-rbmygwdanimation_gwd-keyframes 6s linear 0s infinite normal forwards;
    animation-delay: 0.7s;
}
.scene.label-1 .gwd-gen-rbmygwdanimation {
    -webkit-animation: gwd-gen-rbmygwdanimation_gwd-keyframes_label-1 2s linear -1s infinite normal forwards;
    -moz-animation: gwd-gen-rbmygwdanimation_gwd-keyframes_label-1 2s linear -1s infinite normal forwards;
    animation: gwd-gen-rbmygwdanimation_gwd-keyframes_label-1 2s linear -1s infinite normal forwards;
}
@-webkit-keyframes gwd-gen-rbmygwdanimation_gwd-keyframes {
    0% {
        -webkit-transform: matrix3d(-0.9973456091, 0, 0.0728130197, 0, 0, 1, 0, 0, -0.0728130197, 0, -0.9973456091, 0, -0.0101150887, 0, -0.0083077794, 1);
        -webkit-animation-timing-function: linear;
    }
    100% {
        -webkit-transform: matrix3d(-0.0824860631, 0, -0.9965922181, 0, 0, 1, 0, 0, 0.9965922181, 0, -0.0824860631, 0, -0.0101150887, 0, -0.0083077794, 1);
        -webkit-animation-timing-function: linear;
    }

}
@-moz-keyframes gwd-gen-rbmygwdanimation_gwd-keyframes {
    0% {
        -moz-transform: matrix3d(-0.9973456091, 0, 0.0728130197, 0, 0, 1, 0, 0, -0.0728130197, 0, -0.9973456091, 0, -0.0101150887, 0, -0.0083077794, 1);
        -moz-animation-timing-function: linear;
    }
    100% {
        -moz-transform: matrix3d(-0.0824860631, 0, -0.9965922181, 0, 0, 1, 0, 0, 0.9965922181, 0, -0.0824860631, 0, -0.0101150887, 0, -0.0083077794, 1);
        -moz-animation-timing-function: linear;
    }

}
@keyframes gwd-gen-rbmygwdanimation_gwd-keyframes {
    0% {
        transform: matrix3d(-0.9973456091, 0, 0.0728130197, 0, 0, 1, 0, 0, -0.0728130197, 0, -0.9973456091, 0, -0.0101150887, 0, -0.0083077794, 1);
        animation-timing-function: linear;
    }
    100% {
        transform: matrix3d(-0.0824860631, 0, -0.9965922181, 0, 0, 1, 0, 0, 0.9965922181, 0, -0.0824860631, 0, -0.0101150887, 0, -0.0083077794, 1);
        animation-timing-function: linear;
    }

}
@-webkit-keyframes gwd-gen-rbmygwdanimation_gwd-keyframes_label-1 {
    0% {
        -webkit-transform: matrix3d(-0.9973456091, 0, 0.0728130197, 0, 0, 1, 0, 0, -0.0728130197, 0, -0.9973456091, 0, -0.0101150887, 0, -0.0083077794, 1);
        -webkit-animation-timing-function: linear;
    }
    50% {
        -webkit-transform: matrix3d(-0.0824860631, 0, -0.9965922181, 0, 0, 1, 0, 0, 0.9965922181, 0, -0.0824860631, 0, -0.0101150887, 0, -0.0083077794, 1);
        -webkit-animation-timing-function: linear;
    }
    100% {
        -webkit-transform: matrix3d(0.9970167455, 0, -0.0771855488, 0, 0, 1, 0, 0, 0.0771855488, 0, 0.9970167455, 0, -0.0101150887, 0, -0.0083077794, 1);
        -webkit-animation-timing-function: linear;
    }
}
@-moz-keyframes gwd-gen-rbmygwdanimation_gwd-keyframes_label-1 {
    0% {
        -moz-transform: matrix3d(-0.9973456091, 0, 0.0728130197, 0, 0, 1, 0, 0, -0.0728130197, 0, -0.9973456091, 0, -0.0101150887, 0, -0.0083077794, 1);
        -moz-animation-timing-function: linear;
    }
    50% {
        -moz-transform: matrix3d(-0.0824860631, 0, -0.9965922181, 0, 0, 1, 0, 0, 0.9965922181, 0, -0.0824860631, 0, -0.0101150887, 0, -0.0083077794, 1);
        -moz-animation-timing-function: linear;
    }
    100% {
        -moz-transform: matrix3d(0.9970167455, 0, -0.0771855488, 0, 0, 1, 0, 0, 0.0771855488, 0, 0.9970167455, 0, -0.0101150887, 0, -0.0083077794, 1);
        -moz-animation-timing-function: linear;
    }
}
@keyframes gwd-gen-rbmygwdanimation_gwd-keyframes_label-1 {
    0% {
        transform: matrix3d(-0.9973456091, 0, 0.0728130197, 0, 0, 1, 0, 0, -0.0728130197, 0, -0.9973456091, 0, -0.0101150887, 0, -0.0083077794, 1);
        animation-timing-function: linear;
    }
    50% {
        transform: matrix3d(-0.0824860631, 0, -0.9965922181, 0, 0, 1, 0, 0, 0.9965922181, 0, -0.0824860631, 0, -0.0101150887, 0, -0.0083077794, 1);
        animation-timing-function: linear;
    }
    100% {
        transform: matrix3d(0.9970167455, 0, -0.0771855488, 0, 0, 1, 0, 0, 0.0771855488, 0, 0.9970167455, 0, -0.0101150887, 0, -0.0083077794, 1);
        animation-timing-function: linear;
    }
}</style>
</head>

<body>
  <div id="tridiv">
    <div class="scene" style="-webkit-transform:rotateX(-16deg) rotateY(671deg); -moz-transform:rotateX(-16deg) rotateY(671deg); -ms-transform:rotateX(-16deg) rotateY(671deg); transform:rotateX(-16deg) rotateY(671deg); ">
      <div class="shape pyramid-1 pyr-1 gwd-gen-rbmygwdanimation" id="piramide">
        <div class="face-wrapper ft">
          <div class="face"></div>
        </div>
        <div class="face-wrapper bk">
          <div class="face"></div>
        </div>
        <div class="face-wrapper lt">
          <div class="face"></div>
        </div>
        <div class="face-wrapper rt">
          <div class="face"></div>
        </div>
        <div class="face bm"></div>
      </div>
      <gwd_animation_label_element data-label-name="label-1" data-label-time="1000" data-label-animation-class-name="label-1"></gwd_animation_label_element>
      <div class="gwd-animation-event event-1-animation" data-event-name="event-1" data-event-time="0.01"></div>
    </div>
  </div>
  <script src="http://ajax.googleapis.com/ajax/libs/jquery/1.9.1/jquery.min.js"></script>
  <script type="text/javascript">/*
  $(window).load(function() {
  	$('#tridiv').fadeOut(4000);
  	$('body').css({'overflow':'visible'});
  })*/
  </script>

</body></html>
